20000000
81000090
825ac688
80fab688
20000001
810000e2
82fac68e
80fab688
20000002
82fac68a
80f9c08d
20000003
82fac68a
80fac60a
20000004
81000021
82fac68a
80faa708
20000005
82eac688
40000200
40020000
40080004
40100000
80000000
80000042
80000000
80000084
80000000
800000c6
80000000
80000000
40180000
80000021
80020000
80000880
80020000
80023000
80020000
80900000
80020000
40200000
80000000
80000000
88000000
80000000
90000000
80000000
98000000
80000000
40280000
80000001
80000000
80000010
80000000
80000001
80000000
80000001
80000000
40400080
40420000
40480004
40500000
E1C53C20
80019058
80000000
80000000
42900004 
40C00080
40C20000
40C80004
40D00000
80000000
80000080
40D80000
98000000
80000001
40E00000
80000001
80000000
00000001
